100 2
89 -98 1
-56 3 0
50 -27 1
91 20 0
-6 22 0
-97 -78 1
65 -58 0
-63 51 1
83 -85 0
-58 -17 0
-100 -93 1
-42 -78 1
-63 76 1
94 -79 0
-10 76 0
1 51 1
39 74 0
71 -25 0
96 35 1
-23 -94 1
-64 74 1
38 79 1
26 -80 0
-58 -51 0
-96 40 0
-70 -92 0
-83 -49 0
19 -96 0
64 66 1
-88 -23 1
-68 -29 1
-88 -17 0
-93 31 0
25 -46 0
45 29 1
28 -61 1
38 -70 1
76 -6 1
-100 -48 1
37 -41 0
25 23 1
41 87 1
-90 -49 0
67 90 1
81 -86 1
-75 -87 1
53 -10 0
-63 81 1
-37 5 0
27 36 1
-26 1 0
1 -25 1
78 50 1
25 -72 1
67 -37 1
13 46 0
-40 -67 0
-8 87 1
-34 90 1
-93 -6 0
-68 21 0
99 -63 0
-36 97 1
-41 64 0
-58 37 0
-64 56 0
11 -4 1
-77 -83 0
63 88 1
-32 59 1
-52 5 1
37 -26 1
-41 -24 1
-45 -24 1
4 -53 0
63 -63 1
88 100 0
-68 90 0
-97 -9 1
-22 -90 1
-34 -23 1
-81 63 1
84 25 1
-13 17 0
-14 -14 0
34 2 0
85 9 1
-29 18 0
64 -84 0
-46 64 0
-31 -40 1
-79 71 1
-17 -7 1
36 -64 1
-25 63 0
-52 -75 1
-98 38 0
50 -63 1
-85 -63 0
-38 49 0
